4.6238964583976685 6.235779176654805 0.5342509377266783
4.809786558493927 6.95492394634106 0.26723284685043625
0.2469727223821072 5.833482755790268 0.8933695922064817
2.827140475379138 6.65440648873637 0.8271406407021852
2.951338908494905 8.415651672163904 0.6184433213238737
1.8733640011841919 6.479315672735041 0.16517574055609596
2.0550368606714295 8.587517582523198 0.2839189196773544
4.104074033438604 7.164806198481571 0.22767027206723633
3.8695829189442703 3.822979901510074 0.28587255946507206
3.744987472083304 7.924592563799825 0.23285161697141432
4.17804335020369 8.907434298173133 0.9264198411074256
1.176718360460272 8.514577220805535 0.034680999851658956
3.9494080293440232 5.3510730791600025 0.4692448599990957
2.677142736145402 6.0812154240475635 0.3797816030349457
0.24987128450806362 4.425058374246626 0.35175452450623956
3.52392036625544 4.006008223253855 0.681740921068728
2.1897845424006013 4.939995374310229 0.5728308240105676
2.672978560305586 7.772289872703874 0.585838853138183
0.41764941815165435 3.4901242031808395 0.9802864758752337
2.1785533477218353 3.349674849895192 0.49718599229369553
2.017095476864963 4.636471402359192 0.07065187852134858
1.1980122779105868 6.793612789417294 0.09640959162473861
0.5130044278668872 8.372173144865819 0.23084818663903361
4.449897307330258 7.018135082595185 0.08103595126857355
3.6509020112063917 7.4637125329135685 0.630808766985727
3.0009193710220305 7.177313764930348 0.6444730801310085
0.12249742803899732 6.001367998104022 0.7319628947671184
3.766265501943367 7.530139913088182 0.6786591102407793
2.723281753172987 5.277827210244778 0.1974848032850567
4.851663953836523 8.904916239251095 0.42718806605215
0.054881008084759486 7.630665830062979 0.710328600894468
1.8027063464417048 7.2131299706404945 0.02847199231160613
1.9962010413538174 6.053868229121045 0.5177449195184783
1.401043857261377 7.785403991425054 0.2918867530137328
2.8376793960792495 5.388149541768002 0.042746313881741105
3.3541806036516912 6.682162936324053 0.47723762146201676
2.1468639884820324 5.405579003151225 0.6183670784080733
3.6056007040564317 4.790782858243064 0.8902835007026106
2.161882089076422 4.576580608498969 0.21881333964838157
0.9914464456171174 6.971878305323785 0.27237346127666884
3.6980960575070547 3.6924446002995266 0.8523769641292276
4.715765071882711 7.136048546922698 0.5676656121730147
1.4467854856831674 7.065899496103072 0.505576714607897
3.389557195329964 7.017397663474458 0.31335978736122716
1.11103961958551 7.453672658594549 0.677349245361281
1.8841044779559124 8.999231738535045 0.30489171955344774
0.8500680231166929 7.595863358664555 0.215444508105903
4.6848677651745785 8.15305263005131 0.2315663313137477
0.48338919925942303 7.920030483528867 0.7161965958360199
2.3483404715803684 8.51169554399979 0.640786759321228
3.942390950982122 6.234138904092678 0.6663315727814637
1.287088569739766 7.933249540882055 0.9197867202190994
3.673953853471172 7.428388158691904 0.9360956005370348
0.5756516463109146 6.9763067436231925 0.6886572828945491
0.7576871593943291 8.526830446000284 0.7934680375071889
1.6903771541492336 4.978953456964385 0.10865605550198254
4.87167740752587 3.6619721006868415 0.29670190516951844
2.2833706960129057 4.570473425158159 0.5929995774937101
2.8031515523426673 7.540289892148513 0.9356374758688507
1.0562450805212464 6.757515907578105 0.9726597280289455
1.7401313781077266 8.702881180494142 0.20007291120852466
2.2002697537516824 7.706801500005198 0.5406608171314045
4.190605244655884 7.066749824307434 0.7460446727277945
0.872660996224604 6.3174039386244525 0.07050348797083406
2.047808760254552 4.486760955145323 0.7687218783044172
3.9991998820464207 5.3326394848078085 0.8517068464624501
1.7820182540143552 3.5102766210166205 0.945287347398416
2.822775699597825 4.257882715313002 0.7447390414301197
3.8369877629074036 6.936943639298993 0.11652664067414664
0.28354319380138604 4.668748722047935 0.6123249599005228
3.652227487319586 5.969978634217309 0.8284657758156332
0.34376104703051913 6.369802226873567 0.4380381314289524
0.3119638248363188 4.594188758379785 0.48477791148291327
4.689575839608768 6.998801579363265 0.9162975854621765
2.352241069637838 8.685324315502957 0.6569837444516582
3.245426996529561 4.325420022801787 0.34480360050531844
0.1756486396620488 3.0959047681354632 0.7345979727370184
4.201055266174717 6.1527895008005835 0.14978822070298659
0.4833742281747455 8.376942594713487 0.5497522184984236
1.9858214142139563 6.857162049960544 0.9789824744304336
0.5393348951157972 5.993309486311587 0.268855322087183
4.58671731929817 3.707631422123099 0.29966715495058216
2.682237460140069 7.637469039813009 0.18230080725260334
3.232950736858427 8.576874972249488 0.22668245192582592
2.7502331225777055 4.662262885914689 0.4482258712460716
1.8915671371438663 7.164639299161697 0.10130658766220435
4.168889781941546 4.0750645196297945 0.463395572783016
2.5295866299822367 3.5266215623195896 0.7710451752918359
3.0243095760761345 6.736560529369228 0.9860143618486744
4.424348109875695 7.894175546109067 0.45679845616159775
4.270183924915545 5.038521514696865 0.7236209680673081
3.680592926622749 8.4042893698986 0.8427755591282529
1.1657311261652308 7.1514473812315025 0.35486711778818203
0.006232848728617291 6.07533257264974 0.7177403868102675
4.539333337484599 5.590406368492702 0.33403753026594574
4.304531777256807 8.698294589629548 0.18779216217293837
1.9045860195878022 3.064453460299387 0.607389982717526
1.3728825427933082 6.982942579601887 0.6132455139124123
0.031594000714725845 3.316246157356331 0.40456020833503836
3.907563851519171 6.063912846137592 0.3732846401172464
3.4767891951356655 7.327566010645915 0.28030315347187795
2.5758789653281817 8.58008873349901 0.3605005990862601
1.6522280463118844 7.595672414620065 0.21826911918495162
2.427630134192688 8.060639732187358 0.3936427156306118
2.3038369076989698 7.3327603093013805 0.6715552015331108
1.4854660206564496 7.374012077148464 0.7877383476536582
3.7220590474023747 3.5512288313402305 0.49186608938588783
3.183485661847534 7.122028106469255 0.49876035495140747
3.944461109048512 7.682985550481156 0.6023356533602846
3.5077605252989064 5.355953732347415 0.45474476221037263
2.622949651463017 5.043179976113452 0.15768668195370572
3.1406083938742095 3.9311527474006276 0.8397685665679498
3.4646597169629167 6.485134032084333 0.4007779642817061
0.139839010913565 3.664131563320031 0.5459125241766841
0.12498518561312177 7.875620561587718 0.07109556714481924
4.211384044300313 3.5149352943480254 0.45808385413685837
1.7653924748811756 8.277628668553639 0.8253367861185142
0.9503418860857454 5.013810202578091 0.5212264605088497
3.4888238203047135 6.847118316375179 0.6752328859866069
2.5831870368063994 7.470397888088145 0.1481814787219724
2.7773915778228346 5.314290190150049 0.012198111770674536
4.091447206113273 6.553543538662102 0.7911282716830227
3.2618591582936416 5.0663951365536555 0.18603402260066182
4.150642771826153 5.66419568614133 0.3902077937008849
4.29465853454761 5.7736969116649135 0.8131859421847802
3.9923541333871118 6.779373482815916 0.6076482705933245
0.701143175583856 5.282002434220459 0.9321368704048921
1.263099934145075 3.3358283714749692 0.6151552049312261
1.0320819246621726 4.560912415760189 0.8759340621405174
1.080734170066326 7.993511358690762 0.8996450044081323
4.157188022927578 3.091381936778097 0.5148315712579516
0.0975918152187355 4.046508127936095 0.6503293462480848
0.5209928339634162 7.081540588039465 0.23946546695602167
4.410172561706634 7.210049763404758 0.16215844964704895
0.8007645347350384 7.0807573539858515 0.654528775306531
2.060104221091819 3.1420764411721778 0.374005140031087
1.9463380171835698 3.0545831148915905 0.9686776335386141
3.6998393873183852 7.603554924401789 0.5574261123440695
1.8152578147679073 8.285165621194576 0.13342864750774264
1.920309187137232 5.229212753723066 0.2135689072079019
1.963444682140893 3.7495922592194963 0.6154980469957455
1.8832991376253987 8.89360931941429 0.07022392688402723
2.12891773069516 3.540923458106014 0.20782587060275282
0.9591071559266084 8.615984541886244 0.9328994624680637
2.5556357375641214 8.307398249418103 0.7113129993935914
4.684551819407526 5.725446640036001 0.23657553827790634
3.2259424628350724 3.737614894018903 0.838841083789206
1.3284819296637291 6.678472824073532 0.9134589898535721
4.785154265365351 4.767099344466901 0.03853874553983727
4.195909277618936 5.739257516256034 0.8516032296523538
1.495849031810762 3.565473204236834 0.1735030152278383
4.126392761671091 7.981800375820393 0.33745966875806843
1.769235331559531 3.703599148743252 0.04391367930032264
2.0162983456545174 7.980756362835169 0.681930296001563
3.7588727782560554 7.94554237574009 0.6309564100501243
3.6174670251202197 6.9251491178137945 0.2343190565922072
0.39126068143937875 6.883760062138113 0.9123211302284376
2.4898323343876783 8.494327752693737 0.7366735510993162
4.225423172686634 6.89798499558784 0.9455382235509211
2.135821504168141 3.941239494975501 0.5722806503696475
0.15688398628387556 7.636963932185092 0.23909294193091368
2.268202096180259 3.194889669433064 0.07667863212422099
3.205405502799868 6.43527347373499 0.34678858667982515
0.2930143595194368 6.512096907313974 0.422439588484816
3.162018512851803 8.68714195400556 0.11030789723700363
0.9974087030392248 5.640563728448483 0.3716661061934038
3.840489984768969 5.906653887799039 0.5863756963908421
4.993378841401135 8.847940006504253 0.49378571613659616
1.0960306587770137 6.858672073443001 0.9740035270185191
3.303551297331638 4.028170310812768 0.6489984180604731
4.198455111773142 7.549199077307958 0.2333589353757003
4.453884092643151 6.04379689593296 0.017106031607762362
0.791008246803061 3.179607802571881 0.08210299263010656
2.509230482435367 3.295467707664429 0.4813686026850177
2.0736540648759494 6.378867173445517 0.046310833573733445
4.610540422590728 4.091873715742894 0.6440067882780199
4.8921062354992175 3.984277531392072 0.504304735369807
3.531170455410877 5.278903279817136 0.43681244509045203
1.4626884843485932 7.831418273477037 0.5478466780540244
0.12398784874278423 3.404246679901015 0.26888500122614933
2.52079513599611 3.6935693578810973 0.4606615535801222
4.20499360328539 7.093254907851545 0.3407586448976143
0.22553913327480302 6.640060782304861 0.07981216225807852
1.8374555763133604 4.390842997221059 0.7280991678120275
0.874786414435782 5.923547165265546 0.5919240999152493
0.3421833716403805 6.401972433732476 0.507378493959102
3.8740148289000658 4.416958597720741 0.2449730479133545
1.2349169399451894 3.9257460544538647 0.14428284004103353
3.2798238763085035 4.942879203461785 0.8945471104416455
1.4439791869299667 8.78646854006433 0.7401080485687968
4.888219275385297 3.099605092629389 0.8454975353692809
1.283839356653823 3.041600922382975 0.20091826967041737
0.044867261699622074 3.248729243626368 0.10606992530987758
4.809380710030026 4.830738699526887 0.9222709546847827
1.116143531317077 6.47040177963718 0.022653740626306318
3.0822284979582646 4.342847565802874 0.9917795280884043
1.1379992459383454 3.876584824505693 0.21142998737687224
1.8783877214992288 7.647146036578379 0.43535454869652856
3.8556909962699057 8.371923348210895 0.46199378886139575
2.196546953232538 8.056792268880443 0.42469025631500634
0.6572699712936725 4.79304014924023 0.8007465409669843
4.1436029388266284 5.9305999263801805 0.8267452462129479
1.8141319112796732 6.464572134846889 0.21426909050600262
4.797928732958408 8.238931209083155 0.15144923187090942
2.936166398005356 4.518511351487974 0.8154235671890007
2.2686420211199296 8.794960096203603 0.9603691855981035
0.7445323426561928 7.374363410417725 0.39069136688486505
1.4369604048135072 4.298987374180888 0.6233975386350533
2.5213132552479705 7.646403026243755 0.6242323718002745
4.324317542576341 5.517255033645536 0.0955811845297092
2.3413020781797726 4.5077742374109215 0.14660671382616297
4.693279601242163 6.623837989093653 0.6791243558252683
1.9243425955544458 4.79919191065354 0.00233914419589043
0.14278202984143784 3.137502305806975 0.4966599160299522
0.1362467257287725 3.7319207830207706 0.6236635997266936
1.4478183450121391 4.5776472250678975 0.6998960917866283
4.173959264084946 6.053753710569066 0.9254340333192498
3.8923701420646486 7.553010220712379 0.858944764512219
3.533694640452399 8.060054349183792 0.5683800237329957
3.0501149936920386 4.300889999928782 0.6894152950191407
3.142094512145098 5.675192104871968 0.8809649471808301
0.6170778456610798 8.954368856133728 0.5975507844278026
2.0036066564108523 6.883705917416747 0.46864044352629075
4.649464815555816 8.57297908394288 0.49150370906127705
1.9138953423386085 7.131183779512515 0.6772965542329711
1.7732159016910232 7.7844570511340025 0.7411282543669969
4.328846011109287 6.173584322311161 0.4452504057896324
4.657766414084541 5.87248121268972 0.38376554793153184
3.3155980246753596 6.797457993989541 0.024904326909437335
2.431954744441231 6.985967452588597 0.6597381502598587
4.046230606185384 7.288512352083471 0.8555816998721933
0.7277723908919298 6.390709320655411 0.9382426900383458
4.286074364197833 5.8019165426675805 0.4714484266317569
2.920180305370457 4.40041523396327 0.2977442414466992
2.5436286045314285 3.2432588111401377 0.4831871678798133
1.1696847397031336 8.645244064596474 0.5562630309730529
3.159406350711482 8.85649843873955 0.4951347011068936
3.9063889265940426 6.549523938004446 0.4584545470366519
0.03810836582995414 3.7953635400618735 0.5883663717892336
0.19203090813479762 3.855324717200578 0.15314809709441202
1.6878869925176454 4.961044604987901 0.7004813908070411
1.1075764645812107 5.944635951653439 0.20223875628450294
0.5004724690740925 6.700733650971813 0.3520158336212488
4.080836938039391 8.265501791171072 0.583467276630563
0.2930690126506158 4.240052900887676 0.6899426871487313
2.5472240088302724 8.712729122721791 0.6814828699984898
4.389075643179539 5.194654544926834 0.724322802921657
3.0801431664555796 7.181003581243069 0.636713694023503
4.665482062190005 4.785891820345247 0.46016735008442355
2.6438009358727514 5.533176920856949 0.39202579869518983
1.0203175176651307 4.608929458811019 0.86939982891929
4.660985062095407 6.122310580682491 0.2644779835501353
1.1647046330277382 4.916369538427282 0.10423856497975459
0.3989809769064817 5.26764043510277 0.16742797590035963
1.9983524048395958 8.461041511224341 0.40005408868176395
3.2968207101598983 4.472635679294822 0.5577490503443526
4.911913532774908 6.970248587925579 0.6090649535439335
4.265108089640489 7.6471384529298305 0.493241312230118
3.1392384570447316 6.0759533798657595 0.770181266270714
3.459803824815999 3.6766488948623373 0.7546080554718769
3.655179568701384 4.099787981942288 0.784133261761748
1.994428332923135 8.564750604208854 0.44245657808984884
3.0793122824724755 5.402591787229723 0.6880756219801007
3.1759255379496674 6.641026800419619 0.5277675770170871
4.7271462974092895 5.7046102565041 0.23364569761343656
2.3818141587399766 5.652619041962613 0.8227438550494888
0.3038398649798546 6.639166097963615 0.29822951076785364
0.49128595377360085 5.564915557752959 0.5618690417525339
2.3611406168328735 4.201700027112335 0.7549418650637165
1.2698722214564913 4.0136627761869965 0.49096085008729795
4.332346521453996 8.668477991646485 0.5757780165115435
2.7497987475427554 3.634102601321996 0.2201758748185475
2.9536299700733593 6.5278261915565405 0.6310693784330823
1.3537774269120562 6.423158296939213 0.3002165143058009
4.164755892161265 6.258596776287085 0.4108039282772463
2.695381316223937 7.7266366842848955 0.18289930024014656
1.0111957153426125 3.923216318063842 0.7089935484797794
0.31705587732279716 4.658545910300961 0.7356455649534717
1.3803822286577827 7.622924917769284 0.2707199614697945
1.9793281919988703 6.628235084031116 0.16625549897660996
0.1425060576321302 4.39047470782223 0.7669511168351623
2.1617796363050616 5.087781327575458 0.5001148639266112
2.9783847877939196 4.291770768266802 0.35554521465281896
1.9373688510045728 6.614792179367729 0.9529625868590239
2.7278618135834205 8.170173388023645 0.69814646781799
2.3332479035307916 5.33456256362731 0.7522580379670634
4.991874060560377 8.801383750875006 0.29554788586072755
3.8693370883737943 6.172001363821577 0.9891169411892989
4.024671020422353 3.4440063195957507 0.25670163734424645
4.585038777747469 4.0470775133648305 0.7926839383964
3.8358776944793487 4.4111280901089245 0.002608061307538323
4.982464496503921 6.760852376119393 0.8722732823854258
0.4200826902914634 5.124017266479382 0.7722857663540652
2.2233278387771276 8.062118610989831 0.5742270974767372
2.0228078740625492 5.1985161954424735 0.7644698661678765
4.199867828904319 4.944827127871841 0.5190735397121802
3.9936885829515933 4.619141811888044 0.2227301408642539
2.3766316667774117 8.248483562589481 0.0445211479680111
4.430674523227255 8.598189965348958 0.5546169574037516
1.7763305468798873 4.889865919630226 0.5215019590885349
4.019423821187268 3.8284239978655634 0.6487218875860054
1.18994099631422 4.696473516770544 0.06267949037983045
0.1111376797189162 5.174208311782422 0.13780041954354305
2.234046429040962 8.512714537579697 0.2100929770576947
0.6260639517956484 3.753624834383186 0.4726935834896433
3.4877699781006672 7.767442268633047 0.99371504992228
1.0495185917126626 5.480349352160157 0.22355337687726762
3.0973444452743086 6.3401444204285005 0.9021010088845905
4.3817639854258665 4.878702527837238 0.1576293429168617
3.5776276239893665 6.983087418884292 0.7447257636545694
2.0607744086252824 3.52625673801216 0.30218936172560906
3.4262454501582846 5.426403956266831 0.019873502430900913
1.454653618024286 4.827093595308237 0.7243012104493018
1.0555664964302847 4.965412953968023 0.17861251909660592
2.5206131024576055 7.7980517537507605 0.9283126649644626
2.530323673057656 6.117503493152972 0.6300995245307481
2.4191208340411414 3.0286464323749236 0.8142951897291993
1.3380521364976055 3.5686549309203524 0.9434601138709053
3.408230005756878 6.910981545778825 0.1300211788097052
4.1793046560783695 4.9063035217540065 0.8046036765961354
2.8667404491722497 5.839206362528358 0.28199992501323135
0.3146808259247613 8.796007546506956 0.4869126514107378
2.669079502611277 5.7209760927313305 0.7565668058834574
1.680528737799949 8.007578041699347 0.011841766647784358
0.4288941615896136 4.580530375874668 0.6029029485376841
3.6717899522444384 3.506183142872443 0.8303050961506783
0.8092664597757876 3.6047550750079322 0.4023404539877451
0.9676082757151167 5.739930309353042 0.6842693585564219
4.624115308564599 5.659010215943926 0.2760561692981912
4.754202809273216 3.0764802941163936 0.1620324178192235
4.7549829298739335 5.251773431878255 0.6137774127110116
3.8252753860655564 3.954753623066086 0.23324026767949335
0.27573305243932866 4.372208766330037 0.7618391716023472
2.858166233193671 7.994120137665003 0.8869117187667988
2.2731613231800054 3.880654602473916 0.127986938197302
4.185274753231905 4.1089039853517955 0.9615418907158926
4.026259029467704 3.7733006129743005 0.7347823192583238
3.4285844197186446 5.644461826931721 0.26049877095941065
3.49954910677182 3.751037283121514 0.2078138212256604
0.8838461614809184 6.393418615114612 0.24537565226202973
3.5657250276121766 8.963237734466983 0.7472496166046502
0.9189306899396354 6.670790579624738 0.28352072144897345
1.6388843119042218 3.6487668803791715 0.7459692186216205
3.9261205545460043 8.777512000299016 0.8151492308638295
3.787609355364908 6.684022021788361 0.0632830799926749
0.3397333840243444 7.252820368832529 0.19098981417726335
3.063368010036014 3.172673590378191 0.609819304137582
1.5960058016841234 7.479684241729342 0.6215190288190553
0.0790658346478812 3.672471220011549 0.4562851333546024
4.900925860127293 7.856120842622282 0.7163242076197174
2.855877766489512 5.760656890103565 0.7239974902049318
3.7720908541653926 7.141215177351654 0.6761789878448925
1.3909808239662653 7.147679923406101 0.7101382255643716
3.5056913207885594 4.681569288785911 0.050345902075814686
3.939160641337705 3.1210921608853557 0.7186111414664048
4.476961241981707 8.400109417332466 0.08289269124855236
1.5321915051607244 8.247761026947938 0.970309505712014
0.9310997827996087 5.147328389666227 0.461509283073566
4.843744741790607 6.773626628949366 0.6197290257356053
3.3443694448928256 8.986195198933755 0.9841208454845107
3.687082167998378 8.490669854206107 0.15528109116924182
1.6493565847774811 5.218287339953405 0.016408823982049237
0.16567035760769677 3.1581293186982804 0.5157697354056267
3.8780959820838556 3.4941260794387965 0.7828698265107011
2.4320599149876445 5.486939309013996 0.5386691235501149
4.905070337459249 3.6046801738396392 0.38307462253269364
3.5892316879564863 6.46990508064187 0.3431473609985679
1.7095077794791584 6.650195648665134 0.9478509315714435
2.427272689561847 7.224633788703401 0.712279891239166
2.3613990138188177 7.618258188562836 0.6521147947852688
1.8273367297436605 8.880487179976628 0.9132166935582615
0.7318101032048913 3.7900514532201184 0.012097262716866841
3.422045948291439 3.2875521153395537 0.6756541572219477
1.210459633336694 8.346058453668986 0.9067435512319596
3.9129128201340517 3.255260478990449 0.39773320862006334
0.2741581570447077 3.375960943402817 0.6109509634228518
3.0309422064122744 6.274650576632556 0.02603982613541167
4.764167238451608 6.979149594465059 0.5488800347171744
1.840935811016594 8.708619960370022 0.5191062444605493
4.496509555933759 8.71167648233422 0.7498014325362644
1.1514205396516624 4.154337747168653 0.8741180215419226
1.3140437033955994 3.5603582741719144 0.5546883062177415
4.637503652960808 5.751621205579617 0.4460038296042812
3.0551335902596195 6.07664564033659 0.6207696577543131
3.5015684925953625 7.569367752316541 0.9045067444954813
1.1070639750318312 5.327136007526915 0.25621799670260337
2.262154609215429 6.053228850210552 0.7891025625378334
1.9559556639304532 4.9741854834783075 0.24604702531829603
1.8528653817593377 8.393857979815 0.7659784971998254
0.41296334342577734 3.0287203743390934 0.19221606722231488
1.575350052620168 8.793281779274238 0.010763287117199316
0.39823920099911425 7.1615676762286276 0.36533419781449217
0.07416957169329275 4.586958519832412 0.3068674958859421
1.5463944653089245 7.88286141051095 0.9236448429952072
3.7920870437574528 8.66421490618191 0.525071461193136
0.7921740510939679 3.874360452789314 0.31254617726554923
4.873304596618007 5.735085967265825 0.21634766483375067
4.458425298886533 4.0362278227669925 0.5210343190855925
2.789541924196235 8.25106692090567 0.13977714042765255
4.270529188649163 4.017026572866081 0.528724495537673